suma = 35.166666666666664
suma = 35.166666666666664
x = 0.16666666666666666
suma = 35.166666666666664
x = 0.16666666666666666
//y = 0.0
